0.48354 -0.58901 0.66027 -0.48834 0.24697 0.07231 -0.06989 0.06057 0.09982 -0.03691 0.02176 0.08473 -0.01799 0.01121 0.08828 0.01989 0.00614 0.08168 0.03179 0.01737 0.04142 0.05659 -0.00338 0.03792 0.05187 -0.00306 0.02682 0.03871 0.01889 0.00789 0.03806 0.02035 -0.01175 0.02844 0.01647 -0.00525 0.01294 0.01029 0.00028 -0.00773 0.02158 -0.01181 -0.01254 0.01350 -0.01390 -0.01412 -0.00167 -0.01253 -0.01602 -0.01236 -0.00965 -0.02447 -0.01363 -0.01672 -0.02710 -0.01616 -0.01126 -0.02733 -0.01541 -0.01377 -0.01685 -0.02142 -0.00961 -0.01751 -0.01780 -0.02089 -0.00390 -0.02404 -0.02035 0.00248 -0.02863 -0.00697 -0.00741 -0.01019 -0.01279 -0.00050 -0.00679 -0.00902 0.00079 -0.00137 -0.00311 -0.01240 0.01191 0.00833 -0.00900 0.01426 -0.00013 0.00148 0.00998 0.00670 -0.00118 0.00540 0.01690 0.00181 0.00801 0.00650 0.00686 0.00272 0.01339 0.01297 -0.00050 0.01219 0.00964 0.00485 0.01673 0.00102 0.01064 0.00364 0.00306 0.00863 0.00416 0.00336 0.00695 0.00185 -0.00023 0.00723 0.00426 0.00247 -0.00120 0.00984 -0.00037 0.00470 0.00596 -0.00223 -0.00415 0.01384 -0.01728 0.01178
-0.58901 1.51858 -1.93379 1.80175 -1.13168 0.17953 0.28649 -0.22392 -0.12497 0.22184 -0.09534 -0.14297 0.13843 -0.01597 -0.18200 0.06864 0.03393 -0.14951 0.03564 0.01378 -0.05338 -0.06916 0.06731 -0.06949 -0.07316 0.05840 -0.05414 -0.05345 0.00612 0.01549 -0.07637 -0.00761 0.03594 -0.07118 -0.00583 0.02638 -0.03631 -0.01480 0.00961 0.01917 -0.06307 0.04226 0.00778 -0.03695 0.03006 0.01686 -0.01730 0.02000 0.01822 -0.00180 0.00886 0.04542 0.00127 0.00111 0.04901 0.00478 0.00754 0.03463 0.01979 0.00811 0.02423 0.04371 -0.00580 0.03077 0.01908 0.02797 -0.00745 0.04373 0.02415 -0.02256 0.05454 0.01253 0.00247 0.01970 0.02423 -0.00814 0.00823 0.02901 -0.00227 0.01166 -0.00141 0.03673 -0.02321 -0.00328 0.02871 -0.02923 0.01868 0.00012 -0.01053 -0.00722 0.01315 -0.00035 -0.02032 0.00371 -0.00249 -0.00381 -0.01206 0.00780 -0.00609 -0.02534 0.02016 -0.01640 -0.02134 0.00561 -0.02530 0.01528 -0.01940 -0.00232 0.00412 -0.02047 0.00393 -0.00566 -0.01143 0.00360 -0.00207 -0.00668 0.00190 -0.01239 0.01056 -0.01973 0.01428 -0.01140 -0.00875 0.00582 0.00023 -0.01628 0.01646 -0.01675
0.66027 -1.93379 3.40533 -3.65876 2.84127 -1.09853 -0.19161 0.55625 -0.00029 -0.32978 0.30371 0.14575 -0.25620 0.12019 0.26724 -0.20271 0.04968 0.25350 -0.13918 0.07689 0.10123 0.07514 -0.08802 0.14650 0.09016 -0.10559 0.14069 0.05297 -0.00992 0.00698 0.11658 -0.01688 -0.02554 0.12615 -0.01638 -0.02877 0.06798 0.01585 -0.01437 -0.01190 0.09328 -0.08564 0.02469 0.04227 -0.05121 -0.01657 0.04391 -0.04899 -0.02225 0.01339 -0.00839 -0.06951 0.01066 -0.00089 -0.08459 0.01188 -0.01827 -0.04771 -0.02948 -0.00913 -0.02781 -0.06803 0.02179 -0.05145 -0.03242 -0.03788 0.01656 -0.07626 -0.02564 0.03046 -0.07796 -0.01166 0.00200 -0.03269 -0.03406 0.00956 -0.01800 -0.03810 0.01233 -0.02441 0.01093 -0.05744 0.03845 -0.00564 -0.05101 0.05946 -0.04305 0.00873 0.00512 0.00834 -0.01402 0.01025 0.01498 -0.00506 0.00922 -0.00010 0.01868 -0.00238 0.00096 0.03945 -0.02873 0.02184 0.02991 -0.02961 0.05166 -0.03176 0.03289 0.00561 -0.00907 0.03214 -0.01309 0.00740 0.01894 -0.01737 0.02030 -0.00438 -0.00495 0.03319 -0.03032 0.03320 -0.02206 0.01064 0.01636 -0.00329 -0.00590 0.01221 -0.00537 0.00796
-0.48834 1.80175 -3.65876 5.10836 -4.78016 2.89036 -0.67726 -0.54377 0.43684 0.18950 -0.40268 0.08358 0.29374 -0.24585 -0.14543 0.34706 -0.18769 -0.17619 0.30448 -0.16436 -0.03074 0.03962 0.07016 -0.12925 -0.00053 0.14504 -0.18459 0.04498 0.04413 -0.03953 -0.06664 0.07347 -0.00633 -0.09763 0.07370 0.00052 -0.06364 0.01466 0.01258 0.00105 -0.08374 0.11751 -0.07667 -0.01598 0.03782 0.01362 -0.07023 0.06154 -0.00523 -0.02774 0.00434 0.04350 -0.03260 -0.01208 0.06874 -0.05471 0.02669 0.01607 0.00339 0.00060 -0.00028 0.04955 -0.04615 0.04195 0.00464 0.02241 -0.03287 0.05150 0.00562 -0.02989 0.05967 -0.00253 -0.01358 0.03220 0.01118 -0.00954 0.01064 0.02482 -0.02072 0.03190 -0.02931 0.05548 -0.04941 0.01709 0.04681 -0.07074 0.06330 -0.02008 0.00070 0.00003 0.01463 -0.02089 0.00586 0.00376 -0.01326 0.01550 -0.01170 -0.00338 0.02357 -0.04545 0.03499 -0.01137 -0.03276 0.06127 -0.06773 0.04539 -0.02529 -0.00033 0.00858 -0.03086 0.02705 -0.01295 -0.02638 0.04822 -0.05338 0.02119 0.00588 -0.03722 0.03983 -0.03989 0.02523 -0.00017 -0.01197 0.00413 -0.00047 0.00045 -0.00347 -0.00369
0.24697 -1.13168 2.84127 -4.78016 5.95152 -4.87485 2.54454 -0.32660 -0.60671 0.36537 0.21790 -0.26322 -0.04061 0.29749 -0.06982 -0.24891 0.34110 -0.01261 -0.26346 0.30936 -0.05035 -0.07379 0.08363 0.08206 -0.04188 -0.06008 0.21152 -0.12993 0.00320 0.11051 -0.02408 -0.04853 0.08288 0.02216 -0.06618 0.06511 0.02503 -0.03721 0.02205 0.00943 0.04125 -0.09241 0.09774 -0.04626 0.00495 -0.02004 0.06052 -0.07270 0.03375 0.00818 -0.02796 -0.00529 0.01005 -0.00405 -0.04001 0.04774 -0.04650 0.00053 0.00921 -0.03421 0.02611 -0.04072 0.02132 -0.02237 -0.00080 -0.01531 0.01185 -0.01730 -0.00620 0.01529 -0.03080 0.00699 0.01257 -0.02485 0.01740 -0.01574 0.00859 -0.00877 0.01238 -0.01692 0.02933 -0.04030 0.04716 -0.02250 -0.02139 0.05972 -0.05284 0.03516 -0.00201 0.00172 -0.00817 0.03210 -0.03146 0.01557 0.01752 -0.01955 0.01183 0.02096 -0.03595 0.05479 -0.03304 0.00299 0.04167 -0.06438 0.06421 -0.04547 0.03059 -0.00657 -0.00106 0.02139 -0.02308 -0.00209 0.03927 -0.06342 0.08070 -0.04830 0.00697 0.02100 -0.02766 0.02414 -0.00399 -0.00493 0.00703 -0.00717 0.01135 -0.00635 0.00466 -0.00428
0.07231 0.17953 -1.09853 2.89036 -4.87485 5.85463 -4.56596 2.25102 -0.11187 -0.64643 0.36008 0.23260 -0.24843 -0.02510 0.26227 -0.00471 -0.22119 0.26532 0.05562 -0.20576 0.19209 0.09137 -0.13736 0.10435 0.08269 -0.00189 -0.08309 0.19233 -0.03483 -0.09257 0.16264 -0.00522 -0.08767 0.11042 0.02611 -0.07868 0.06276 0.04379 -0.05156 0.01854 0.02704 0.01273 -0.07585 0.09827 -0.06521 0.01757 -0.03284 0.05318 -0.06547 -0.00078 0.03683 -0.07004 0.00646 0.00872 -0.02763 -0.03623 0.02139 -0.02720 -0.05016 0.04951 -0.06865 0.00586 -0.00915 -0.01926 -0.02183 -0.02315 0.01624 -0.05492 0.01648 -0.02375 -0.02260 -0.00417 -0.01833 0.00499 -0.04379 0.03286 -0.04338 0.00632 -0.00319 -0.01393 -0.00492 0.00401 -0.02627 0.01707 -0.00992 -0.02548 0.03698 -0.02961 0.00530 0.00587 0.00238 -0.03253 0.05389 -0.03272 0.00063 0.01865 -0.00395 -0.02843 0.06338 -0.06210 0.04141 0.00365 -0.02850 0.03629 -0.02141 0.01819 -0.01340 0.02110 -0.00906 0.00247 0.00649 0.01767 -0.04037 0.06631 -0.07208 0.05993 -0.03635 0.02538 -0.01182 0.01978 -0.01892 0.01036 -0.01181 0.02636 -0.02352 0.01642 -0.00972 0.00414
-0.06989 0.28649 -0.19161 -0.67726 2.54454 -4.56596 5.53330 -4.33271 2.05875 -0.08140 -0.56819 0.25787 0.29789 -0.27666 -0.01724 0.23897 -0.03289 -0.18256 0.23887 -0.01201 -0.09296 0.07183 0.11969 -0.12079 0.07245 0.04909 0.02281 -0.06962 0.08122 0.07680 -0.15015 0.12868 0.04392 -0.11061 0.08206 0.04708 -0.06453 0.02234 0.05449 -0.03222 -0.02385 0.05126 0.01340 -0.07224 0.07929 -0.03284 0.00396 -0.01910 0.03238 -0.01899 -0.04286 0.07452 -0.05624 -0.01038 0.03254 -0.02616 -0.00625 -0.01391 0.04027 -0.08141 0.06355 -0.03313 -0.01404 0.01806 -0.02035 0.01953 -0.05494 0.06434 -0.05961 0.01939 0.00302 -0.01177 0.00051 -0.00741 0.02845 -0.05271 0.06059 -0.03933 0.00369 0.02573 -0.03273 0.02742 -0.00210 -0.00513 0.01005 0.00850 -0.02093 0.02542 0.00451 -0.00747 0.00682 0.03210 -0.04819 0.05318 -0.01590 0.00230 0.00477 0.03643 -0.05532 0.06978 -0.03944 0.02504 0.00169 0.01466 -0.01008 0.01773 0.00584 -0.01613 0.03041 -0.02485 0.02744 -0.02079 0.03354 -0.03753 0.04357 -0.04812 0.06576 -0.06381 0.06464 -0.05508 0.04439 -0.02480 0.02640 -0.02329 0.02280 -0.01270 0.00363 0.00043
0.06057 -0.22392 0.55625 -0.54377 -0.32660 2.25102 -4.33271 5.46358 -4.32463 2.14742 -0.24614 -0.43374 0.15784 0.36890 -0.33409 0.00829 0.24638 -0.05137 -0.18670 0.27855 -0.07882 -0.06124 0.09422 0.07713 -0.11119 0.10943 0.01939 -0.01985 0.03768 -0.01804 0.09993 -0.11407 0.08258 0.04309 -0.07256 0.05285 0.04089 -0.04554 0.01400 0.03297 -0.01360 -0.01794 0.02943 0.00780 -0.03774 0.03212 0.00496 -0.02795 0.01902 -0.01495 0.02297 -0.05446 0.05885 -0.04419 -0.00337 0.02084 -0.03595 0.02593 -0.04663 0.04862 -0.06641 0.04388 -0.02387 -0.01876 0.03255 -0.03470 0.04233 -0.06260 0.06103 -0.04863 0.01375 0.00158 0.00395 -0.00709 -0.00699 0.03544 -0.06340 0.06787 -0.03414 -0.01260 0.04786 -0.04029 0.02333 -0.00076 0.00384 -0.01684 0.03020 -0.01010 -0.00889 0.03041 -0.01424 -0.00215 0.03300 -0.04003 0.04143 -0.01277 0.01146 -0.02062 0.04910 -0.05050 0.05327 -0.04256 0.04464 -0.03603 0.04487 -0.03728 0.01627 0.01977 -0.03612 0.04656 -0.03259 0.01311 -0.00250 0.00412 -0.01362 0.03978 -0.06165 0.08403 -0.08817 0.07307 -0.04758 0.03714 -0.03243 0.03338 -0.02670 0.01208 0.00286 -0.00696
0.09982 -0.12497 -0.00029 0.43684 -0.60671 -0.11187 2.05875 -4.32463 5.60161 -4.44995 2.27292 -0.26552 -0.43226 0.10312 0.53660 -0.44194 0.06558 0.29758 -0.08581 -0.13784 0.27310 -0.00320 -0.13230 0.17047 0.11545 -0.16139 0.15292 0.09274 -0.09508 0.11624 -0.00073 0.07542 -0.07939 0.10917 0.02120 -0.04410 0.05262 0.06182 -0.05581 0.03294 0.05655 -0.05188 0.01055 0.04382 -0.02676 0.00047 -0.00970 0.04509 -0.07564 0.05071 -0.02772 -0.00317 -0.04848 0.07377 -0.09142 0.01305 0.01496 -0.05748 0.01761 -0.03359 0.01947 -0.07619 0.03524 -0.02259 -0.05466 0.02654 -0.03476 -0.01076 -0.03870 0.03855 -0.07255 0.01607 -0.02268 -0.00198 -0.03094 -0.00972 0.03111 -0.08253 0.04899 -0.01541 -0.04336 0.02963 -0.02575 -0.00177 -0.02568 0.03694 -0.04529 0.01108 0.01791 -0.04394 0.03168 -0.02143 -0.00390 0.02262 -0.03266 0.03407 -0.02944 0.01320 -0.01213 0.02663 -0.04796 0.05555 -0.05425 0.04217 -0.03031 0.03054 -0.01453 -0.01147 0.04350 -0.04480 0.02911 0.00241 -0.02097 0.01789 0.00219 -0.02441 0.04589 -0.05788 0.06398 -0.05898 0.04732 -0.04074 0.03244 -0.02553 0.01810 -0.00523 -0.00028 0.00326
-0.03691 0.22184 -0.32978 0.18950 0.36537 -0.64643 -0.08140 2.14742 -4.44995 5.56093 -4.30860 2.11385 -0.09098 -0.43400 -0.06243 0.69584 -0.51142 0.01645 0.36981 -0.14321 -0.09086 0.18672 0.08329 -0.18431 0.13151 0.15345 -0.15865 0.06665 0.17835 -0.15205 0.09060 0.03577 0.04642 -0.09427 0.12860 -0.01502 -0.01440 0.00844 0.07729 -0.06008 -0.00469 0.09777 -0.07770 0.00733 0.05130 -0.04889 0.02012 -0.03658 0.06205 -0.09006 0.03058 -0.00498 -0.00152 -0.08703 0.11256 -0.10788 0.01149 0.01669 -0.04050 -0.01250 -0.01322 0.01906 -0.06550 0.01105 0.00300 -0.05518 -0.00557 0.01586 -0.03404 -0.03468 0.04766 -0.06482 0.01126 -0.02423 0.01953 -0.04199 -0.00590 0.03517 -0.05982 0.01961 0.01625 -0.03559 0.00868 -0.00017 0.01720 -0.03833 0.03932 -0.01097 -0.01795 0.05213 -0.05085 0.04980 -0.02519 0.00489 0.03327 -0.04169 0.04433 -0.00554 -0.00393 0.00639 0.03036 -0.03440 0.04776 -0.02336 0.02773 -0.01533 0.01800 0.01039 -0.02575 0.03927 -0.00790 -0.01308 0.02719 -0.00918 -0.00638 0.01853 -0.01527 0.02144 -0.01836 0.03291 -0.03424 0.03409 -0.02615 0.02340 -0.01533 0.01293 -0.01274 0.00929
0.02176 -0.09534 0.30371 -0.40268 0.21790 0.36008 -0.56819 -0.24614 2.27292 -4.30860 5.20315 -3.98961 1.75182 0.03370 -0.34582 -0.22795 0.75252 -0.46156 -0.07366 0.39968 -0.18020 -0.03840 0.09540 0.14267 -0.19645 0.11017 0.13774 -0.09726 -0.02987 0.21719 -0.13646 0.03862 0.06475 0.03773 -0.10409 0.13063 -0.02096 0.00264 -0.01466 0.08109 -0.03008 -0.04522 0.11491 -0.06367 -0.00803 0.05621 -0.02879 0.00733 -0.02968 0.06111 -0.05458 0.01379 -0.00230 0.03481 -0.09509 0.10206 -0.05781 -0.01063 0.02272 -0.00362 -0.01679 0.00019 0.01022 -0.01534 -0.01072 0.02010 -0.00160 -0.03536 0.03979 -0.01347 -0.03119 0.05324 -0.03328 0.01331 -0.01494 0.03372 -0.03244 0.01559 0.01060 -0.00381 -0.00598 0.03268 -0.01261 -0.00427 0.01517 0.01037 -0.01570 0.02038 0.01676 -0.03508 0.06338 -0.05119 0.03810 0.00261 -0.02208 0.05028 -0.03217 0.01660 0.02415 -0.02101 0.00944 0.02314 -0.02596 0.02948 -0.01315 0.01346 -0.00547 0.00765 0.01149 -0.01696 0.01711 0.00012 -0.00423 0.00361 0.01297 -0.00961 0.00155 0.00991 -0.01042 0.00064 0.02335 -0.03070 0.02826 -0.01379 0.00002 0.00167 0.00325 -0.00316
0.08473 -0.14297 0.14575 0.08358 -0.26322 0.23260 0.25787 -0.43374 -0.26552 2.11385 -3.98961 5.05697 -3.75163 1.63116 0.05195 -0.26075 -0.25384 0.78566 -0.43671 -0.03608 0.40445 -0.17710 0.03786 0.05025 0.21132 -0.19769 0.16316 0.09857 -0.00442 -0.04522 0.21803 -0.07285 0.00980 0.10594 0.04231 -0.08255 0.12653 -0.00254 0.01401 0.00103 0.06284 0.00387 -0.05048 0.11110 -0.05717 0.00743 0.01709 -0.00185 -0.01404 -0.02540 0.03731 -0.05847 0.00611 -0.01325 -0.00555 -0.05432 0.01425 -0.02817 -0.03732 -0.00862 -0.00215 -0.06511 0.01268 -0.02667 -0.03308 -0.02134 -0.01505 -0.02271 -0.04789 0.01342 -0.04142 -0.02829 0.00616 -0.03878 -0.00889 -0.03298 0.01446 -0.05232 0.01958 -0.04125 0.02219 -0.04970 0.02204 -0.00315 -0.04762 0.03190 -0.01692 -0.01282 0.00170 0.01999 -0.05274 0.05211 -0.02431 -0.00824 0.03837 -0.04744 0.03975 -0.00498 -0.01508 0.03534 -0.01593 -0.00743 0.03495 -0.03727 0.04830 -0.03421 0.02944 -0.00928 0.00509 0.01395 -0.01707 0.02419 -0.00802 0.00607 0.00193 0.00371 -0.00017 -0.00265 0.00812 0.00006 -0.00682 0.02511 -0.03214 0.02506 -0.01375 -0.00048 0.00887 -0.00884
-0.01799 0.13843 -0.25620 0.29374 -0.04061 -0.24843 0.29789 0.15784 -0.43226 -0.09098 1.75182 -3.75163 4.82789 -3.66417 1.72740 -0.08453 -0.18862 -0.27901 0.75894 -0.44131 -0.02424 0.39740 -0.22164 0.07345 0.01643 0.19335 -0.19663 0.15047 0.06902 -0.00834 -0.04064 0.18019 -0.05164 -0.02581 0.12593 -0.01222 -0.03543 0.08213 0.00248 -0.00711 0.01858 0.03057 0.00970 -0.04177 0.08831 -0.06559 0.02940 -0.00839 0.01542 -0.01558 -0.02533 0.04669 -0.05939 -0.00211 0.03009 -0.07309 0.02988 -0.03573 -0.00385 -0.00752 -0.03897 0.03297 -0.06177 0.00932 -0.00459 -0.03204 -0.00886 -0.00510 -0.01050 -0.03338 0.02248 -0.03728 -0.00669 0.00416 -0.01977 -0.00621 -0.01374 0.01508 -0.04638 0.05373 -0.06958 0.05013 -0.03281 -0.00554 0.03507 -0.04507 0.02609 0.00363 -0.01114 0.00300 0.02560 -0.02129 0.01508 0.02132 -0.03458 0.05073 -0.02971 0.00920 0.03481 -0.03100 0.02660 0.02436 -0.04726 0.07546 -0.05295 0.05254 -0.02179 0.02294 0.00510 -0.01884 0.04757 -0.02588 0.01168 0.01373 -0.01475 0.00497 0.01908 -0.02137 0.02063 -0.00903 0.01496 -0.02305 0.03394 -0.02391 0.00804 0.00931 -0.01736 0.01345
0.01121 -0.01597 0.12019 -0.24585 0.29749 -0.02510 -0.27666 0.36890 0.10312 -0.43400 0.03370 1.63116 -3.66417 4.86927 -3.97271 2.04903 -0.33174 -0.12813 -0.17604 0.62139 -0.40505 0.02351 0.33974 -0.19455 0.06390 0.05864 0.12028 -0.12824 0.11879 0.06649 0.00263 -0.02859 0.15327 -0.02691 -0.04034 0.15098 -0.04167 0.00394 0.04589 0.03909 -0.03833 0.05312 0.00754 0.01191 -0.03182 0.06761 -0.04803 0.02638 -0.00429 0.00469 0.01175 -0.04766 0.06708 -0.05582 -0.02016 0.07124 -0.09493 0.04505 -0.01366 -0.04005 0.03777 -0.05024 0.02552 -0.02352 -0.02834 0.02899 -0.03492 -0.00892 0.01051 -0.00113 -0.04334 0.04351 -0.02900 -0.01747 0.02376 -0.00918 -0.02243 0.01600 0.01076 -0.05640 0.07430 -0.05902 0.02820 0.00338 -0.01528 0.01868 -0.00290 0.00214 0.01533 -0.00033 0.00560 0.01229 -0.00127 -0.00137 0.03768 -0.03053 0.03030 0.00829 -0.03023 0.04720 -0.01073 -0.02686 0.08496 -0.08304 0.06689 -0.02854 0.02197 -0.00327 -0.01171 0.03971 -0.03519 0.02163 0.01706 -0.02962 0.02156 0.01247 -0.04254 0.05268 -0.03458 0.02514 -0.01997 0.03118 -0.03575 0.02249 -0.00748 -0.00251 0.00659 -0.00463
0.08828 -0.18200 0.26724 -0.14543 -0.06982 0.26227 -0.01724 -0.33409 0.53660 -0.06243 -0.34582 0.05195 1.72740 -3.97271 5.60005 -4.66127 2.55104 -0.38410 -0.35617 0.10862 0.54754 -0.48647 0.15603 0.31250 -0.16106 0.00279 0.22112 -0.00836 -0.04799 0.15805 0.03923 0.01151 0.01704 0.14677 -0.02368 -0.02572 0.18018 -0.07713 0.05577 0.02700 0.06276 -0.06636 0.08297 0.01675 -0.03252 0.04151 0.01894 -0.03837 0.02582 0.00259 -0.03990 0.05196 -0.09710 0.07999 -0.06746 -0.02364 0.04055 -0.07655 -0.00347 0.00754 -0.07197 0.02209 -0.04816 -0.02677 0.00264 -0.07113 0.02681 -0.05920 -0.01784 -0.02510 -0.00775 -0.05922 0.00127 -0.01261 -0.04969 -0.00390 -0.00135 -0.05524 -0.00525 0.01612 -0.06981 0.03180 -0.02913 -0.01192 -0.02536 0.02450 -0.04206 0.00973 -0.00386 -0.00918 -0.01250 0.00096 0.00254 -0.01152 -0.00132 0.02656 -0.03424 0.00827 0.03952 -0.05353 0.02004 0.04586 -0.07714 0.07029 -0.01688 -0.02120 0.03250 -0.01566 0.02533 -0.02811 0.04011 -0.00796 -0.02415 0.04627 -0.00949 -0.03080 0.06067 -0.04435 0.02546 -0.00996 0.03003 -0.03780 0.03048 -0.00359 -0.01307 0.02316 -0.01205 0.00342
0.01989 0.06864 -0.20271 0.34706 -0.24891 -0.00471 0.23897 0.00829 -0.44194 0.69584 -0.22795 -0.26075 -0.08453 2.04903 -4.66127 6.28499 -5.16419 2.65362 -0.16346 -0.59018 0.15332 0.65874 -0.60536 0.16422 0.33365 -0.12387 -0.14742 0.34764 -0.04432 -0.12531 0.20115 0.04990 -0.05549 0.03249 0.17992 -0.09390 -0.02073 0.21834 -0.14277 0.07089 0.01794 0.06223 -0.07159 0.05381 0.08212 -0.11288 0.06839 0.03920 -0.06444 0.01946 0.05909 -0.10194 0.08355 -0.08491 0.07162 -0.08253 0.03179 -0.00533 -0.04008 0.00463 0.00931 -0.06089 0.02283 -0.00773 -0.05628 0.04447 -0.05985 0.01495 -0.03296 0.01611 -0.04181 0.01057 -0.01410 -0.02196 0.01798 -0.02243 -0.00865 0.01241 -0.02065 -0.00162 0.00836 -0.01601 0.00588 -0.00553 0.02354 -0.04401 0.05387 -0.02153 -0.00795 0.02927 -0.01588 0.01327 -0.00414 0.02302 -0.00435 -0.01853 0.05182 -0.02140 -0.00709 0.04949 -0.01853 -0.01585 0.05238 -0.02409 -0.01737 0.07188 -0.05650 0.03814 -0.01117 0.01937 -0.01522 0.01082 0.02407 -0.01924 -0.00370 0.03649 -0.03786 0.02151 0.00622 -0.00928 -0.00911 0.02683 -0.02106 -0.00048 0.01672 -0.01902 0.00721 -0.00186
0.00614 0.03393 0.04968 -0.18769 0.34110 -0.22119 -0.03289 0.24638 0.06558 -0.51142 0.75252 -0.25384 -0.18862 -0.33174 2.55104 -5.16419 6.67120 -5.34739 2.59980 -0.13074 -0.55220 0.12721 0.61783 -0.48777 0.07633 0.29787 -0.00356 -0.22216 0.32536 0.02809 -0.14613 0.17460 0.10167 -0.04938 -0.01621 0.21241 -0.05221 -0.08429 0.25217 -0.13174 0.04748 0.04074 0.01724 0.01701 -0.05646 0.13290 -0.07943 -0.02213 0.09630 -0.06451 -0.05130 0.10710 -0.09839 0.02091 -0.03692 0.04771 -0.10760 0.03382 0.00144 -0.07807 0.01701 -0.00833 -0.06257 -0.00104 0.00263 -0.06772 0.02018 -0.05626 0.00670 -0.05277 0.00667 -0.02883 -0.02405 -0.01520 -0.01950 -0.01855 -0.02187 0.00128 -0.01804 -0.03084 0.02102 -0.04205 0.00895 -0.00023 -0.02890 0.03994 -0.05131 0.02128 0.01152 -0.03658 0.03827 -0.01642 0.00370 0.00929 -0.00711 0.02897 -0.03333 0.04430 -0.00992 -0.00368 0.02984 -0.00899 0.01374 -0.01557 0.06786 -0.07815 0.07704 -0.02399 0.00696 0.01097 0.02269 -0.02119 0.03048 -0.00253 0.00519 0.00216 0.00444 0.01256 -0.03312 0.04281 -0.01878 -0.00027 0.01363 0.00397 -0.02125 0.02940 -0.01949 0.01115
0.08168 -0.14951 0.25350 -0.17619 -0.01261 0.26532 -0.18256 -0.05137 0.29758 0.01645 -0.46156 0.78566 -0.27901 -0.12813 -0.38410 2.65362 -5.34739 7.05902 -5.64212 2.82398 -0.20303 -0.66446 0.34306 0.49948 -0.45769 0.14672 0.29428 -0.04959 -0.13110 0.31671 0.00772 -0.10331 0.20351 0.05486 -0.00682 0.02600 0.15847 -0.00210 -0.07992 0.25482 -0.10964 0.02008 0.14038 -0.08219 0.08849 -0.01922 0.03718 0.03188 -0.05529 0.07126 -0.00055 -0.04812 0.04292 0.01349 -0.06890 0.01963 0.03589 -0.08976 0.01072 0.03700 -0.09360 0.02437 -0.00215 -0.05739 -0.01215 0.00750 -0.05264 -0.00029 -0.03223 0.00074 -0.04709 0.00009 -0.02495 -0.01882 -0.02502 -0.00550 -0.01991 -0.02360 -0.01399 0.01966 -0.07492 0.05711 -0.04850 -0.00980 0.01805 -0.02934 0.01072 -0.00683 -0.01835 0.03329 -0.03847 0.01661 0.02129 -0.04207 0.04793 -0.02159 0.01870 -0.01845 0.04255 -0.02797 0.00343 0.04609 -0.05951 0.07392 -0.04830 0.04523 -0.02824 0.02307 0.00891 -0.00848 0.00017 0.03972 -0.04222 0.03138 0.01588 -0.02898 0.03769 -0.03184 0.03951 -0.04703 0.05416 -0.03118 0.00404 0.01639 -0.01393 0.00355 0.00545 -0.00436
0.03179 0.03564 -0.13918 0.30448 -0.26346 0.05562 0.23887 -0.18670 -0.08581 0.36981 -0.07366 -0.43671 0.75894 -0.17604 -0.35617 -0.16346 2.59980 -5.64212 7.33499 -5.70851 2.73351 0.05906 -0.91516 0.33977 0.64994 -0.59997 0.10399 0.40671 -0.12578 -0.19254 0.36453 0.01897 -0.24833 0.28024 0.07175 -0.14422 0.10955 0.12872 -0.06330 -0.05680 0.21798 -0.08633 -0.06880 0.19719 -0.10656 -0.00297 0.07951 -0.04185 0.01226 -0.01125 0.03201 -0.04773 0.03240 -0.06552 0.08647 -0.11802 0.04280 0.01093 -0.07739 0.00359 0.04308 -0.09435 0.00892 0.02333 -0.07634 -0.00275 0.02074 -0.05844 -0.00510 0.00403 -0.02768 -0.02514 0.01097 -0.02727 -0.00396 -0.02067 0.00690 -0.03492 0.01902 -0.04571 0.05735 -0.08187 0.04880 -0.01321 -0.02487 0.01922 -0.00269 -0.01351 0.02568 -0.01981 0.00900 0.02202 -0.04353 0.06747 -0.04592 0.01374 0.02368 -0.00383 -0.01825 0.04993 -0.01372 -0.03431 0.09158 -0.08218 0.05338 -0.00480 0.00415 0.00338 0.00993 -0.00107 0.01934 -0.02210 0.04327 -0.01907 -0.00571 0.04175 -0.04454 0.04673 -0.03914 0.04756 -0.05244 0.04795 -0.01503 -0.01468 0.03640 -0.02673 0.01229 -0.00048
0.01737 0.01378 0.07689 -0.16436 0.30936 -0.20576 -0.01201 0.27855 -0.13784 -0.14321 0.39968 -0.03608 -0.44131 0.62139 0.10862 -0.59018 -0.13074 2.82398 -5.70851 7.00788 -5.29712 2.42655 0.12490 -0.64338 0.00846 0.79862 -0.48543 -0.03962 0.45009 -0.03543 -0.20942 0.28160 0.20370 -0.29832 0.22309 0.21263 -0.19247 0.08870 0.21777 -0.09795 -0.02784 0.22009 -0.06780 -0.04734 0.14027 -0.00283 -0.05314 0.06973 0.02478 -0.03662 -0.00786 0.08545 -0.11226 0.08875 -0.09194 0.07715 -0.09796 0.00670 0.02755 -0.07892 -0.00550 0.01152 -0.05601 -0.04172 0.02981 -0.06192 -0.04689 0.01000 -0.03835 -0.05537 0.00453 -0.02576 -0.04476 -0.01376 -0.02156 -0.02677 -0.04293 0.03180 -0.07624 0.04039 -0.06908 0.03823 -0.05235 0.00079 0.00655 -0.02833 -0.00512 0.01948 -0.02845 0.00006 0.01723 -0.02838 0.03895 -0.04090 0.02711 0.01511 -0.04073 0.04759 0.00096 -0.02159 0.02559 0.03797 -0.06677 0.07769 -0.01566 -0.00879 0.03065 0.00979 -0.01604 0.02684 0.00713 0.00328 0.00068 0.02902 -0.01325 -0.00437 0.03525 -0.03004 0.03749 -0.03761 0.04845 -0.03427 0.01960 0.02162 -0.04370 0.05492 -0.03464 0.01581
0.04142 -0.05338 0.10123 -0.03074 -0.05035 0.19209 -0.09296 -0.07882 0.27310 -0.09086 -0.18020 0.40445 -0.02424 -0.40505 0.54754 0.15332 -0.55220 -0.20303 2.73351 -5.29712 6.66293 -5.23063 2.58420 -0.21880 -0.32770 -0.10926 0.73687 -0.42439 -0.02248 0.38751 -0.07168 -0.08949 0.13780 0.21323 -0.19439 0.06887 0.26990 -0.15160 -0.02281 0.29237 -0.11540 -0.07749 0.27268 -0.12136 -0.00633 0.11694 -0.01733 -0.02562 0.04099 0.03982 -0.02407 -0.02315 0.09329 -0.09819 0.05083 -0.02944 0.02067 -0.03761 -0.00966 0.02533 -0.05932 0.01583 -0.01623 -0.00476 -0.04801 0.01825 -0.02321 -0.03865 0.00011 -0.00248 -0.05184 0.01050 -0.01912 -0.03162 -0.00231 -0.01458 -0.00509 -0.03912 0.03247 -0.05988 0.03611 -0.04042 0.00892 -0.00271 -0.02156 0.01146 -0.00599 -0.01412 -0.00043 0.01194 -0.02213 0.01462 -0.00594 -0.00120 0.01419 -0.02448 0.04809 -0.05058 0.03713 -0.00099 0.00288 -0.01716 0.04705 -0.03534 0.01841 0.01029 0.00224 -0.01432 0.03075 -0.01136 -0.00131 0.00758 0.01185 -0.03273 0.05151 -0.02943 0.00244 0.02630 -0.04177 0.04028 -0.02271 0.01279 -0.00130 -0.00594 0.01638 -0.01859 0.02250 -0.01177
0.05659 -0.06916 0.07514 0.03962 -0.07379 0.09137 0.07183 -0.06124 -0.00320 0.18672 -0.03840 -0.17710 0.39740 0.02351 -0.48647 0.65874 0.12721 -0.66446 0.05906 2.42655 -5.23063 6.99074 -5.60671 2.90706 -0.27402 -0.36227 -0.07787 0.80298 -0.46978 -0.03271 0.49951 -0.17507 -0.05558 0.21662 0.10159 -0.10313 0.06052 0.23002 -0.06833 -0.07319 0.28026 -0.03901 -0.16693 0.34294 -0.12418 -0.04695 0.14458 -0.01455 -0.05557 0.05962 0.03656 -0.05531 -0.00105 0.05272 -0.04729 -0.04519 0.05676 -0.05321 -0.04143 0.01692 -0.00770 -0.07978 0.02561 -0.04403 -0.03173 -0.03826 0.01784 -0.07161 -0.02054 -0.01321 -0.03437 -0.05151 -0.00270 -0.02219 -0.04441 -0.00899 -0.01170 -0.04807 -0.01668 0.01411 -0.06162 0.00414 0.00545 -0.04575 0.00042 0.00212 -0.02152 -0.01753 0.02642 -0.02311 -0.01419 0.04396 -0.05471 0.05093 -0.02973 0.02946 -0.02317 0.03671 -0.01786 0.02319 -0.00660 0.02109 -0.00701 0.01512 0.01775 -0.00460 0.00302 0.02712 -0.00343 -0.00157 0.02450 0.01250 -0.03639 0.07525 -0.07061 0.06266 -0.01340 -0.01549 0.04020 -0.02214 0.00781 0.01966 -0.02061 0.00921 0.00871 -0.00906 0.00907 0.00151
-0.00338 0.06731 -0.08802 0.07016 0.08363 -0.13736 0.11969 0.09422 -0.13230 0.08329 0.09540 0.03786 -0.22164 0.33974 0.15603 -0.60536 0.61783 0.34306 -0.91516 0.12490 2.58420 -5.60671 7.19975 -5.63692 2.64431 -0.17920 -0.26573 -0.27783 0.87729 -0.40476 -0.18752 0.57862 -0.12857 -0.19929 0.33946 0.01397 -0.09234 0.09065 0.15296 -0.03830 -0.05436 0.19124 0.04283 -0.18128 0.25502 -0.04521 -0.06321 0.07537 0.07913 -0.11192 0.04341 0.08239 -0.09390 0.03253 0.00590 0.02586 -0.10643 0.07428 -0.01002 -0.08313 0.04497 -0.01206 -0.06724 0.02183 -0.03785 0.00874 -0.07696 0.03684 -0.03891 -0.03089 -0.00959 -0.00956 -0.02753 -0.03664 0.02337 -0.03945 -0.04992 0.05441 -0.06682 -0.01701 0.02414 -0.03318 -0.03254 0.02724 -0.01465 -0.02882 0.00524 0.02797 -0.05752 0.02358 0.03515 -0.08438 0.09423 -0.05740 0.02942 -0.00713 0.00620 0.00487 0.00134 0.00267 0.00997 -0.00338 0.01292 0.00626 -0.00123 0.00776 0.00683 0.01500 -0.02005 0.03344 0.00687 -0.04462 0.09828 -0.10432 0.08570 -0.04575 0.00987 0.02799 -0.02722 0.00932 0.03239 -0.05075 0.03788 0.00003 -0.02365 0.03731 -0.03280 0.01602
0.03792 -0.06949 0.14650 -0.12925 0.08206 0.10435 -0.12079 0.07713 0.17047 -0.18431 0.14267 0.05025 0.07345 -0.19455 0.31250 0.16422 -0.48777 0.49948 0.33977 -0.64338 -0.21880 2.90706 -5.63692 7.14069 -5.33598 2.65065 -0.36843 -0.04121 -0.29542 0.75780 -0.21369 -0.22952 0.51443 0.03320 -0.27338 0.38284 0.06378 -0.12925 0.14860 0.16066 -0.06147 0.02907 0.15019 0.04424 -0.11428 0.22199 -0.05436 0.01201 0.01125 0.11373 -0.09296 0.04159 0.06790 -0.08298 0.05033 -0.02595 0.04160 -0.08343 0.03010 0.00816 -0.09538 0.05022 -0.02909 -0.07140 0.04855 -0.09597 0.02842 -0.06647 -0.00394 -0.03528 -0.03068 -0.00749 -0.05929 0.01051 -0.06226 -0.02178 0.02507 -0.08967 0.02397 -0.02526 -0.03850 -0.00272 -0.01169 -0.02516 -0.01868 -0.00087 -0.00074 -0.05409 0.03668 -0.01070 -0.05790 0.08487 -0.08692 0.04703 -0.01486 -0.00390 0.01016 -0.01630 0.02621 -0.02201 0.01279 0.01064 -0.01147 0.01420 0.00642 -0.01496 0.03999 -0.04007 0.04928 -0.01852 -0.01168 0.06684 -0.09850 0.12007 -0.08241 0.03687 0.01288 -0.02399 0.01455 0.02586 -0.04936 0.05917 -0.04037 0.01297 0.00847 -0.01602 0.01405 -0.00188
0.05187 -0.07316 0.09016 -0.00053 -0.04188 0.08269 0.07245 -0.11119 0.11545 0.13151 -0.19645 0.21132 0.01643 0.06390 -0.16106 0.33365 0.07633 -0.45769 0.64994 0.00846 -0.32770 -0.27402 2.64431 -5.33598 6.79219 -5.35274 2.89634 -0.53822 -0.09074 -0.08589 0.55531 -0.17612 -0.16348 0.39865 0.07900 -0.28990 0.34559 0.10388 -0.19660 0.19283 0.14568 -0.10671 0.06462 0.12752 0.00940 -0.08448 0.20425 -0.07906 0.02654 0.00505 0.10705 -0.12091 0.06314 0.04960 -0.07646 0.02282 0.00391 -0.00018 -0.06071 0.02668 0.00451 -0.09134 0.02722 0.02757 -0.15245 0.08756 -0.05809 -0.05112 -0.00695 -0.00333 -0.05474 -0.04017 0.04428 -0.10271 0.00658 0.00818 -0.07650 0.01974 -0.03294 -0.00843 -0.02449 -0.01425 0.00340 -0.04073 0.00082 0.01576 -0.05863 0.04004 -0.02301 -0.02040 0.03552 -0.03952 0.02325 -0.01141 0.00235 0.00572 -0.00435 0.02012 -0.01416 0.02315 0.00036 -0.00911 0.02904 -0.02433 0.02595 0.00876 -0.02336 0.05268 -0.02982 0.00364 0.04419 -0.06136 0.08519 -0.07597 0.06939 -0.02628 -0.00440 0.02284 -0.00538 -0.01817 0.04816 -0.04480 0.03712 -0.01766 0.00466 0.00096 0.00172 -0.00099
-0.00306 0.05840 -0.10559 0.14504 -0.06008 -0.00189 0.04909 0.10943 -0.16139 0.15345 0.11017 -0.19769 0.19335 0.05864 0.00279 -0.12387 0.29787 0.14672 -0.59997 0.79862 -0.10926 -0.36227 -0.17920 2.65065 -5.35274 6.91995 -5.52027 2.86620 -0.34417 -0.34469 0.07094 0.53320 -0.23319 -0.11447 0.38554 0.03704 -0.23663 0.28704 0.16583 -0.26448 0.22659 0.16403 -0.18154 0.15335 0.08647 -0.00705 -0.02984 0.14006 -0.03500 0.00777 -0.00659 0.12705 -0.14297 0.09361 0.02277 -0.05608 0.00903 0.01936 -0.00544 -0.05355 0.03139 -0.02399 -0.02162 -0.05969 0.08635 -0.11787 0.00797 0.01711 -0.06683 -0.02464 -0.00059 -0.01135 -0.09135 0.04862 -0.03747 -0.07112 0.02910 -0.03432 -0.03300 -0.01628 0.00689 -0.04518 -0.02738 0.02808 -0.03311 -0.03807 0.04795 -0.05118 -0.01559 0.03219 -0.03478 -0.00229 0.02361 -0.02704 0.00834 0.00194 -0.00016 0.00517 -0.00526 0.03112 -0.03074 0.03342 -0.01688 0.01945 0.00001 0.00375 0.01709 -0.00251 0.00024 0.02848 -0.02294 0.03797 -0.02041 0.02928 -0.03567 0.04837 -0.01887 0.00439 0.02021 -0.00559 -0.00410 0.02653 -0.02781 0.02937 -0.01731 0.02156 -0.01489 0.00976
0.02682 -0.05414 0.14069 -0.18459 0.21152 -0.08309 0.02281 0.01939 0.15292 -0.15865 0.13774 0.16316 -0.19663 0.12028 0.22112 -0.14742 -0.00356 0.29428 0.10399 -0.48543 0.73687 -0.07787 -0.26573 -0.36843 2.89634 -5.52027 7.03448 -5.38650 2.63129 -0.13795 -0.39271 0.05731 0.61425 -0.24669 -0.08232 0.38650 0.06998 -0.19281 0.20070 0.29246 -0.29739 0.16685 0.30434 -0.26530 0.15607 0.17713 -0.10354 0.03005 0.13504 -0.04104 0.00404 0.03646 0.08148 -0.12001 0.08421 0.01644 -0.05579 0.01002 0.02176 -0.03349 -0.04158 0.05192 -0.09006 0.03200 -0.06548 0.01092 -0.04568 -0.04633 0.00841 -0.05819 -0.02077 -0.03915 0.00867 -0.08536 0.00718 -0.01812 -0.06058 0.00315 -0.03426 -0.02019 -0.03918 0.00570 -0.02716 -0.03881 0.00901 -0.01294 -0.04373 0.01755 -0.00188 -0.04050 0.01451 0.01753 -0.05936 0.05026 -0.02609 0.00241 0.00798 -0.02548 0.05836 -0.08121 0.08904 -0.04382 0.00748 0.02929 -0.01075 -0.00729 0.03948 -0.02949 0.04327 -0.02849 0.03849 -0.00804 -0.00736 0.02488 0.00571 -0.03598 0.05702 -0.01645 -0.02572 0.05144 -0.03120 0.00466 0.02728 -0.02587 0.01516 0.00476 -0.00417 0.00661
0.03871 -0.05345 0.05297 0.04498 -0.12993 0.19233 -0.06962 -0.01985 0.09274 0.06665 -0.09726 0.09857 0.15047 -0.12824 -0.00836 0.34764 -0.22216 -0.04959 0.40671 -0.03962 -0.42439 0.80298 -0.27783 -0.04121 -0.53822 2.86620 -5.38650 6.76688 -5.13721 2.55102 -0.17346 -0.34509 -0.02947 0.63663 -0.29312 -0.06462 0.37238 0.00178 -0.12311 0.14621 0.23391 -0.18319 0.02355 0.35421 -0.22155 0.03873 0.25828 -0.12768 -0.00690 0.16889 -0.01347 -0.07306 0.10497 0.04158 -0.09592 0.06193 0.05406 -0.07073 -0.00362 0.06046 -0.03927 -0.05114 0.06986 -0.05333 -0.03667 0.01470 -0.01117 -0.04851 -0.00905 0.00780 -0.06376 0.00466 -0.03297 0.00387 -0.06663 0.01678 -0.01500 -0.05566 0.00384 -0.01910 -0.03099 -0.02636 0.01239 -0.03252 -0.03563 0.02267 -0.04063 -0.00785 -0.00885 0.00200 -0.02936 -0.00817 0.02086 -0.05611 0.03653 -0.02183 -0.01618 0.03596 -0.08334 0.11243 -0.10861 0.05557 0.01211 -0.05851 0.05400 -0.00821 -0.03079 0.04232 -0.03093 0.03219 -0.02100 -0.00780 0.04786 -0.05477 0.03405 0.01991 -0.05012 0.03692 0.01312 -0.05710 0.06244 -0.01520 -0.02203 0.03485 -0.01374 -0.00405 0.01484 -0.00600
0.01889 0.00612 -0.00992 0.04413 0.00320 -0.03483 0.08122 0.03768 -0.09508 0.17835 -0.02987 -0.00442 0.06902 0.11879 -0.04799 -0.04432 0.32536 -0.13110 -0.12578 0.45009 -0.02248 -0.46978 0.87729 -0.29542 -0.09074 -0.34417 2.63129 -5.13721 6.60502 -5.15805 2.58347 -0.20844 -0.32613 -0.02897 0.68752 -0.35391 -0.03849 0.43744 -0.05944 -0.10822 0.24657 0.09156 -0.08269 0.06331 0.21653 -0.07869 -0.01259 0.19792 -0.02865 -0.06133 0.13122 0.06045 -0.15324 0.15944 0.00758 -0.08058 0.03970 0.05203 -0.07996 0.00155 0.04452 -0.07698 0.00321 -0.02647 -0.00820 -0.05201 -0.01699 -0.00592 -0.05432 -0.02670 -0.01820 -0.04994 -0.00932 -0.06856 0.03679 -0.09145 -0.01111 -0.00547 -0.05025 -0.04362 0.01208 -0.04408 -0.04518 0.01093 -0.01789 -0.06346 0.04166 -0.04815 -0.01968 0.00483 -0.01267 -0.01753 -0.00996 0.02521 -0.04827 0.02945 -0.00503 -0.03387 0.08212 -0.10553 0.09725 -0.04124 -0.01501 0.05549 -0.02396 0.01425 0.00746 0.00379 0.01062 -0.01244 0.02928 0.00936 -0.02964 0.07571 -0.05413 0.02258 0.02725 -0.02104 0.00875 0.03177 -0.02997 0.01939 0.01363 -0.01744 0.02401 -0.00261 -0.00644 0.01219
0.00789 0.01549 0.00698 -0.03953 0.11051 -0.09257 0.07680 -0.01804 0.11624 -0.15205 0.21719 -0.04522 -0.00834 0.06649 0.15805 -0.12531 0.02809 0.31671 -0.19254 -0.03543 0.38751 -0.03271 -0.40476 0.75780 -0.08589 -0.34469 -0.13795 2.55102 -5.15805 6.72832 -5.11572 2.55607 -0.08935 -0.41063 0.00732 0.65705 -0.28675 -0.11277 0.44827 0.00195 -0.22107 0.32497 0.09806 -0.16499 0.14807 0.16467 -0.09310 0.03634 0.15900 -0.00603 -0.06562 0.13273 0.05204 -0.14343 0.14186 0.02230 -0.08369 0.02388 0.10399 -0.12491 0.01618 0.09755 -0.15254 0.05981 -0.00280 -0.05371 -0.00998 -0.01204 -0.01711 -0.04763 0.01187 -0.02981 -0.05793 0.03760 -0.08186 0.02068 -0.04660 0.00219 -0.05398 0.02591 -0.05285 -0.00909 -0.00472 -0.03317 -0.01301 0.02569 -0.06666 0.02742 -0.02630 -0.01782 0.00529 -0.00051 -0.01780 -0.00125 0.01463 -0.04417 0.03232 0.01215 -0.05993 0.08774 -0.06878 0.03171 0.00258 -0.00677 0.01462 -0.01708 0.03916 -0.04194 0.03075 -0.00103 0.00022 0.00237 0.03953 -0.06151 0.06608 -0.04286 0.01687 0.01983 -0.03297 0.03038 -0.00454 -0.00711 0.00242 0.01530 -0.03251 0.03974 -0.02528 0.00886
0.03806 -0.07637 0.11658 -0.06664 -0.02408 0.16264 -0.15015 0.09993 -0.00073 0.09060 -0.13646 0.21803 -0.04064 0.00263 0.03923 0.20115 -0.14613 0.00772 0.36453 -0.20942 -0.07168 0.49951 -0.18752 -0.21369 0.55531 0.07094 -0.39271 -0.17346 2.58347 -5.11572 6.42065 -4.87384 2.25061 0.14507 -0.50925 0.07273 0.61212 -0.26134 -0.08630 0.40716 0.03100 -0.17379 0.23479 0.18531 -0.18759 0.13868 0.19534 -0.10383 0.04399 0.15317 0.01744 -0.08295 0.16835 0.00284 -0.07046 0.07856 0.04338 -0.03150 -0.05857 0.14784 -0.10353 -0.04601 0.13193 -0.10995 -0.04581 0.07618 -0.07122 -0.06148 0.02603 -0.01968 -0.08255 0.01091 0.00320 -0.11658 0.03856 -0.05527 -0.01358 -0.06565 0.02242 -0.06671 -0.02015 -0.01188 -0.03251 -0.03828 -0.00393 -0.04483 0.00359 -0.04794 0.00483 -0.02171 -0.03621 0.00493 -0.01475 -0.02621 -0.01533 0.03727 -0.06909 0.02169 0.02011 -0.06478 0.05639 -0.03994 0.02015 -0.02357 0.01441 -0.00458 -0.02245 0.04938 -0.04933 0.02816 0.00857 -0.01924 0.00709 0.02942 -0.05137 0.06467 -0.03114 -0.01632 0.05688 -0.05462 0.03620 -0.00466 0.00007 -0.01591 0.02822 -0.02536 0.02897 -0.00774
0.02035 -0.00761 -0.01688 0.07347 -0.04853 -0.00522 0.12868 -0.11407 0.07542 0.03577 0.03862 -0.07285 0.18019 -0.02859 0.01151 0.04990 0.17460 -0.10331 0.01897 0.28160 -0.08949 -0.17507 0.57862 -0.22952 -0.17612 0.53320 0.05731 -0.34509 -0.20844 2.55607 -4.87384 6.27925 -4.63795 1.96640 0.30478 -0.62567 0.09484 0.67140 -0.35806 -0.03123 0.43959 -0.08278 -0.08533 0.22510 0.10239 -0.09853 0.08931 0.15897 -0.05290 0.00089 0.14370 0.05118 -0.16143 0.26602 -0.08840 -0.03368 0.09956 -0.03370 0.01742 -0.04396 0.08338 -0.06660 -0.01592 0.02889 -0.00743 -0.08680 0.05294 -0.02631 -0.06184 0.01450 -0.01273 -0.05299 -0.02699 0.02625 -0.08267 0.00766 -0.03756 -0.00236 -0.04980 -0.01502 0.00905 -0.06737 0.00857 -0.00370 -0.04750 0.01221 -0.02774 0.00004 -0.02921 0.00733 -0.00198 -0.01909 -0.00314 0.01128 0.00368 -0.04901 0.08263 -0.06389 0.00967 0.05774 -0.07362 0.07374 -0.03322 0.02241 -0.00119 0.00922 0.01695 -0.01932 0.05139 -0.03386 0.01515 0.03912 -0.03182 0.01573 0.03908 -0.04515 0.02431 0.03623 -0.06073 0.06718 -0.03509 0.01943 -0.00908 0.01892 -0.01507 0.01471 -0.00261 0.00893
-0.01175 0.03594 -0.02554 -0.00633 0.08288 -0.08767 0.04392 0.08258 -0.07939 0.04642 0.06475 0.00980 -0.05164 0.15327 0.01704 -0.05549 0.10167 0.20351 -0.24833 0.20370 0.13780 -0.05558 -0.12857 0.51443 -0.16348 -0.23319 0.61425 -0.02947 -0.32613 -0.08935 2.25061 -4.63795 6.06195 -4.38852 1.92916 0.22947 -0.50864 0.00194 0.73400 -0.36927 -0.05768 0.48348 -0.09600 -0.10796 0.28321 0.05095 -0.07808 0.11208 0.13876 -0.01385 -0.02931 0.17319 0.04469 -0.17584 0.28050 -0.06227 -0.09332 0.16350 -0.02082 -0.05286 0.04098 0.05953 -0.12034 0.06544 -0.00640 -0.02664 -0.04064 0.03427 -0.04274 -0.05021 0.02176 -0.05002 -0.02643 -0.03723 0.01114 -0.08581 -0.00299 -0.01284 -0.07851 0.02377 -0.08111 0.01971 -0.06959 -0.00893 -0.01235 -0.05473 0.00096 -0.03282 -0.04011 -0.00069 -0.03339 -0.01850 -0.01097 -0.01935 -0.03592 0.03836 -0.09293 0.06408 -0.03193 -0.06134 0.08470 -0.10206 0.04760 -0.00965 -0.00898 -0.01456 0.01015 0.00808 -0.03474 0.03133 0.00829 -0.05810 0.07641 -0.04358 -0.00581 0.02104 0.00528 -0.04160 0.06600 -0.05460 0.03324 -0.01829 0.01552 -0.01320 0.01417 0.00325 -0.00919 0.00655
0.02844 -0.07118 0.12615 -0.09763 0.02216 0.11042 -0.11061 0.04309 0.10917 -0.09427 0.03773 0.10594 -0.02581 -0.02691 0.14677 0.03249 -0.04938 0.05486 0.28024 -0.29832 0.21323 0.21662 -0.19929 0.03320 0.39865 -0.11447 -0.24669 0.63663 -0.02897 -0.41063 0.14507 1.96640 -4.38852 5.79869 -4.35920 2.10175 0.13720 -0.49309 0.00884 0.75200 -0.43838 0.02653 0.41018 -0.05248 -0.14054 0.28917 0.06023 -0.11011 0.14852 0.09489 0.01416 -0.04907 0.18302 0.00584 -0.10772 0.17327 0.01040 -0.09369 0.07379 0.07065 -0.10816 0.02503 0.09138 -0.11939 0.01070 0.05322 -0.05270 -0.07848 0.08207 -0.07785 -0.04719 0.03528 -0.04522 -0.04992 -0.01014 -0.00053 -0.05649 -0.03489 0.03050 -0.09329 0.02333 -0.05963 0.02780 -0.07795 0.01176 -0.00349 -0.05850 -0.00378 0.01580 -0.07060 0.02402 -0.00830 -0.04330 0.01614 0.00588 -0.05701 0.05771 -0.05561 0.01091 0.04547 -0.09385 0.09364 -0.05993 0.01696 0.01329 -0.01327 0.01706 -0.01459 0.02792 -0.00680 -0.01933 0.05166 -0.04163 0.03338 -0.01306 0.02181 -0.03131 0.05888 -0.05678 0.04770 -0.02309 0.01792 -0.00547 0.00814 -0.00530 0.00959 0.00144 -0.00000
0.01647 -0.00583 -0.01638 0.07370 -0.06618 0.02611 0.08206 -0.07256 0.02120 0.12860 -0.10409 0.04231 0.12593 -0.04034 -0.02368 0.17992 -0.01621 -0.00682 0.07175 0.22309 -0.19439 0.10159 0.33946 -0.27338 0.07900 0.38554 -0.08232 -0.29312 0.68752 0.00732 -0.50925 0.30478 1.92916 -4.35920 5.88239 -4.58698 2.08390 0.26923 -0.60690 0.04100 0.85542 -0.56438 0.11702 0.43429 -0.12827 -0.03051 0.22957 0.08496 -0.09782 0.15499 0.10029 0.03884 -0.09291 0.28333 -0.08514 -0.03346 0.17568 -0.04303 -0.00858 0.03107 0.07388 -0.08552 0.03780 0.04652 -0.05420 -0.02472 0.03599 0.00686 -0.12488 0.11389 -0.07539 -0.04983 0.02226 -0.03149 -0.05661 -0.00252 -0.01629 -0.04204 -0.03593 0.00698 -0.06620 0.00612 -0.06851 0.03630 -0.08140 -0.00545 -0.01208 -0.03104 -0.05632 0.05766 -0.09700 0.01095 0.00833 -0.05726 0.00269 0.01644 -0.05365 0.00990 0.00071 -0.05290 0.05849 -0.08246 0.06130 -0.05362 0.01818 0.00689 -0.03612 0.03519 -0.01609 -0.01879 0.04147 -0.03275 0.01524 -0.00227 0.01620 -0.02907 0.05336 -0.05905 0.05171 -0.04079 0.02396 0.00116 0.00187 -0.00541 0.01247 -0.01403 0.01396 -0.00498
-0.00525 0.02638 -0.02877 0.00052 0.06511 -0.07868 0.04708 0.05285 -0.04410 -0.01502 0.13063 -0.08255 -0.01222 0.15098 -0.02572 -0.09390 0.21241 0.02600 -0.14422 0.21263 0.06887 -0.10313 0.01397 0.38284 -0.28990 0.03704 0.38650 -0.06462 -0.35391 0.65705 0.07273 -0.62567 0.22947 2.10175 -4.58698 6.15427 -4.50388 1.87870 0.39193 -0.62826 -0.07907 0.91912 -0.57385 0.00166 0.51346 -0.21075 -0.01153 0.17569 0.09993 -0.11919 0.09984 0.12256 0.00244 -0.11363 0.26786 -0.05822 -0.12700 0.25280 -0.09767 -0.02451 0.05709 0.04879 -0.11334 0.06535 0.02942 -0.07716 0.02806 -0.02332 0.04609 -0.14310 0.11090 -0.08237 -0.04451 0.01173 -0.00766 -0.08082 -0.00373 0.02364 -0.10286 0.01242 -0.00012 -0.09044 0.03096 -0.06582 0.02212 -0.06379 0.01080 -0.03628 -0.00006 -0.06519 0.05310 -0.06576 -0.01594 0.02522 -0.05782 0.00163 0.00898 -0.02001 -0.03256 0.04271 -0.06259 0.05241 -0.07036 0.06476 -0.04169 -0.00711 0.04488 -0.04129 0.00585 0.03265 -0.03218 0.00203 0.04042 -0.04348 0.01262 0.03351 -0.05731 0.06905 -0.05303 0.03517 -0.01181 0.00289 0.00509 0.00517 -0.00339 0.01653 -0.01658 0.01134
